1959.5 315.980000 317.023
1960.5 316.910000 317.671
1961.5 317.640000 318.350
1962.5 318.450000 319.031
1963.5 318.990000 319.740
1964.5 319.610000 320.488
1965.5 320.030000 321.279
1966.5 321.360000 322.106
1967.5 322.170000 322.974
1968.5 323.050000 323.870
1969.5 324.620000 324.811
1970.5 325.680000 325.810
1971.5 326.310000 326.880
1972.5 327.450000 327.991
1973.5 329.670000 329.146
1974.5 330.240000 330.365
1975.5 331.150000 331.585
1976.5 332.160000 332.799
1977.5 333.900000 334.083
1978.5 335.510000 335.408
1979.5 336.860000 336.748
1980.5 338.700000 338.162
1981.5 339.950000 339.562
1982.5 341.140000 340.919
1983.5 342.790000 342.264
1984.5 344.500000 343.604
1985.5 345.880000 344.992
1986.5 347.130000 346.423
1987.5 348.850000 347.897
1988.5 351.240000 349.408
1989.5 352.700000 350.976
1990.5 353.990000 352.578
1991.5 355.390000 354.175
1992.5 356.170000 355.791
1993.5 356.840000 357.386
1994.5 358.710000 358.994
1995.5 360.720000 360.615
1996.5 362.510000 362.271
1997.5 363.640000 363.970
1998.5 366.520000 365.686
1999.5 368.210000 367.401
2000.5 369.380000 369.140
2001.5 370.930000 370.926
2002.5 373.020000 372.722
2003.5 375.570000 374.561
2004.5 377.300000 376.499
2005.5 379.560000 378.526
2006.5 381.770000 380.636
2007.5 383.560000 382.813
2008.5 385.420000 385.048
2009.5 387.340000 387.335
2010.5 389.910000 389.588
2011.5 391.690000 391.962
2012.5 393.940000 394.412
2013.5 396.640000 396.914
2014.5 398.700000 399.441
2015.5 400.860000 401.974
2016.5 404.210000 404.515
2017.5 406.510000 407.070
2018.5 408.520000 409.655
2019.5 411.420000 412.257
2020.5 413.940000 414.877
2021.5 416.110000 417.515
